3565.7 0

3985.45 0

10272.6 0

10477.9 0

10693.3 0

10891.5 0

11112.5 0

11321.4 0

11521.1 0

11727.7 0

11931.3 0

12145.8 0

12359.6 0

12564.4 0

12772.1 0

12990.8 0

13199.9 0

13399.7 0

13601.4 0

13807.5 0

14019.5 0

14224.9 0

14435.8 0

14632.7 0

14848 0

15071.6 0

15283.4 0

15479.7 0

15701.6 0

15903.3 0

16101.2 0

16307.7 0

16521.1 0

16735.7 0

16944.1 0

17150.5 0

17357.8 0

17569.2 0

17775.1 0

17983.1 0

18198.6 0

18399.8 0

18615.6 0

18829.6 0

19023.1 0

19234.2 0

19440.9 0

19647.2 0

19866.3 0

20121.2 0

20328.9 0

20536.7 0

20702 0

20898.6 0

21098.2 0

21310.9 0

21508.1 0

21723.6 0

21928.9 0

22140.4 0

22361.3 0

22567.8 0

22774.2 0

22983.7 0

23174.9 0

23400.7 0

23600.1 0

23808.9 0

24006.3 0

24223 0

24432.7 0

24651.2 0

24848.2 0

25055.3 0

25260.5 0

25490.2 0

25681.2 0

25887.4 0

26092.5 0

26304.3 0

26512 0

26720.8 0

26928.8 0

27138.2 0
