6943.63 0

7145.36 0

7351.38 0

7561.05 0

7774.38 0

7977.56 0

8198.68 0

8409.25 0

8607.07 0

8811.82 0

9016.36 0

9231.88 0

9443.46 0

9647.38 0

9851.66 0

10062.2 0

10275.4 0

10486.1 0

10683.5 0

10893.5 0

11105.8 0

11318 0

11529.4 0

11740.3 0

11944.7 0

12139.9 0

12348.4 0

12559.1 0

12769.7 0

12967.2 0

13183.8 0

13389.4 0

13605.2 0

13813 0

14026.1 0

14231.6 0

14440.6 0

14646.4 0

14867.4 0

15070.8 0

15273.5 0

15483.4 0

15690.8 0

15904.8 0

16105.2 0

16318.3 0

16516 1

16722.4 1

16935.6 1

17142 1

17350.4 1

17562.5 2

17766.4 3

17974 2

18183.7 3

18396.2 2

18605.6 3

18830.7 2

19019.8 3

19223.1 1

19431.6 7

19640.2 9

19858.2 15

20060.6 46

20267.8 76

20487.3 109

20682.8 61

20897.5 71

21099 93

21309.7 112

21520.2 124

21725.4 119

21927.4 96

22136.6 70

22342.3 119

22553.2 96

22766.6 67

22978.6 36

23191 15

23402.1 17

23600.9 42

23810.3 70

24011.7 93

24221.6 105

24427.1 66

24632.8 94

24842.9 83

25049 147

25258.4 122

25473.8 73

25681.4 16

25890 -26

26099.7 -30

26304.2 1

26513 63

26736.2 138

26932.4 127

27134.9 156

27339.9 162

27544.7 140

27756.9 103

27965.8 132

28175.5 86

28389 41

28595.2 7

28801 1

29013.7 28

29216.8 79

29425 132

29631.6 88

29838.9 94

30048.7 89

30255.8 85

30471 80

30677.4 86

30890.9 87

31105 92

31296.6 96

31513.9 97

31719.9 102

31923.2 109

