1389.32 0

1532.43 0

1904.66 0

2050.86 0

2243.75 0

2451.36 0

2659.02 0

2874.67 0

3084.1 0

3290.86 0

3909.82 0

4112.78 0

4327.47 0

4595.14 0

4754.86 0

4948.2 0

5156.56 0

5365.33 0

5573.23 0

5782.19 0

6000.22 0

6198.33 0

6404.97 101

6645.96 101

6839.41 101

7035.56 101

7250.25 101

7483.74 101

7651.9 101

7859.92 101

8068.05 101

8277.06 101

8485.36 101

8691.94 101

8901.03 101

9107.29 101

9321.75 101

9528.32 101

9735.03 101

9947.45 101

10154.9 101

10363.8 101

10567.7 101

10783.5 101

10988.8 101

11195.2 101

11402.9 101

11612.7 101

11822.2 101

12023.6 101

12239.6 101

12443.3 101

12649.8 101

12855.5 101

13078.3 101

13281.7 101

13488.5 101




