987.903 0

1404.77 0

1636.98 0

1809.49 0

1965.78 0

2137.34 0

2286.78 0

2465.78 0

2659.33 0

2868.22 0

3076.19 0

3283.79 0

3488.86 0

3696.05 0

3905.55 0

4113.63 0

4325.5 0

4587.87 0

4739.98 0

4946.78 0

5155.01 0

5364.97 0

5584.79 0

5790.56 0

5988.39 0

6196.7 0

6405.12 0

6613.67 0

6821.15 0

7031.87 0

7250.81 0

7450.14 0

7658.34 0

7861.73 0

8072.09 101

8284.8 101

8493.26 101

8696.27 101

8917.32 101

9116.13 101

9322.07 101

9537.08 101

9735.51 101

9949.46 101

10153.8 101

10364.8 101

10571.5 101

10782.4 101

10988.4 101

11195 101

11400.7 101

11617.3 101

11832.5 101

12028.2 101

12233.2 101

12447.7 101

12653.7 101

12859.9 101

13067.4 101

13278.3 101

13485.1 101

13700.8 101

14126 101

14314.5 101
